{
  "nbformat": 4,
  "nbformat_minor": 0,
  "metadata": {
    "colab": {
      "provenance": [],
      "authorship_tag": "ABX9TyMCuRE4jLYEPg9rzRu3ZltA",
      "include_colab_link": true
    },
    "kernelspec": {
      "name": "python3",
      "display_name": "Python 3"
    },
    "language_info": {
      "name": "python"
    }
  },
  "cells": [
    {
      "cell_type": "markdown",
      "metadata": {
        "id": "view-in-github",
        "colab_type": "text"
      },
      "source": [
        "<a href=\"https://colab.research.google.com/github/myrayunus/WIA1007-data-science/blob/main/Tutorial_3.ipynb\" target=\"_parent\"><img src=\"https://colab.research.google.com/assets/colab-badge.svg\" alt=\"Open In Colab\"/></a>"
      ]
    },
    {
      "cell_type": "code",
      "execution_count": 7,
      "metadata": {
        "colab": {
          "base_uri": "https://localhost:8080/"
        },
        "id": "87qDG8wmsjZU",
        "outputId": "fb2408fd-3012-4d10-c18b-af86eca8f6a0"
      },
      "outputs": [
        {
          "output_type": "stream",
          "name": "stdout",
          "text": [
            "[[1 2]\n",
            " [3 4]]\n"
          ]
        }
      ],
      "source": [
        "#Tutorial 3\n",
        "import numpy as np\n",
        "\n",
        "#1. Create a numpy array of size 2x2\n",
        "array1 = np.array([[1,2],[3,4]])\n",
        "print(array1)"
      ]
    },
    {
      "cell_type": "code",
      "source": [
        "#2. Create a random numpy array of size 3 x 4\n",
        "import numpy as np\n",
        "\n",
        "array2 = np.random.random((3,4))\n",
        "print(array2)"
      ],
      "metadata": {
        "colab": {
          "base_uri": "https://localhost:8080/"
        },
        "id": "T8xlf1I6s9nw",
        "outputId": "32632df7-dad2-4da3-a106-8077569d5337"
      },
      "execution_count": 8,
      "outputs": [
        {
          "output_type": "stream",
          "name": "stdout",
          "text": [
            "[[0.36930059 0.12726872 0.58053783 0.76600691]\n",
            " [0.40746722 0.82053412 0.42627169 0.4903055 ]\n",
            " [0.89952761 0.19668011 0.35364284 0.76837678]]\n"
          ]
        }
      ]
    },
    {
      "cell_type": "code",
      "source": [
        "#3. Create a numpy array of ones and a numpy array of zeroes\n",
        "import numpy as np\n",
        "\n",
        "array_ones = np.ones((2, 3))\n",
        "print(\"Ones:\")\n",
        "print(array_ones)\n",
        "\n",
        "array_zeros = np.zeros((3, 2))\n",
        "print(\"\\nZeros:\")\n",
        "print(array_zeros)\n",
        "print(\"\")"
      ],
      "metadata": {
        "colab": {
          "base_uri": "https://localhost:8080/"
        },
        "id": "6JVhK_NKtNLU",
        "outputId": "246968eb-5453-44d6-b7b0-96960224ceb7"
      },
      "execution_count": 12,
      "outputs": [
        {
          "output_type": "stream",
          "name": "stdout",
          "text": [
            "Ones:\n",
            "[[1. 1. 1.]\n",
            " [1. 1. 1.]]\n",
            "\n",
            "Zeros:\n",
            "[[0. 0.]\n",
            " [0. 0.]\n",
            " [0. 0.]]\n",
            "\n"
          ]
        }
      ]
    },
    {
      "cell_type": "code",
      "source": [
        "#4. Create a random numpy array of size 6x3 and transpose it\n",
        "import numpy as np\n",
        "\n",
        "def transpose_array():\n",
        "  original_array = np.random.rand(6,3)\n",
        "  transposed_array = original_array.T\n",
        "  print(\"Original array: \")\n",
        "  print(original_array)\n",
        "  print(\" Transposed array:  \")\n",
        "  print(transposed_array)\n",
        "\n",
        "transpose_array()"
      ],
      "metadata": {
        "colab": {
          "base_uri": "https://localhost:8080/"
        },
        "id": "ZzBB3Atout9n",
        "outputId": "fa9a3724-c822-436b-ae4f-b50a3e81725d"
      },
      "execution_count": 10,
      "outputs": [
        {
          "output_type": "stream",
          "name": "stdout",
          "text": [
            "Original array: \n",
            "[[0.36471588 0.41594916 0.5376221 ]\n",
            " [0.97955465 0.06464317 0.65246501]\n",
            " [0.32140988 0.62618821 0.40121536]\n",
            " [0.80729023 0.36413453 0.39282948]\n",
            " [0.78259082 0.35715226 0.85360302]\n",
            " [0.91740386 0.34303495 0.65807331]]\n",
            " Transposed array:  \n",
            "[[0.36471588 0.97955465 0.32140988 0.80729023 0.78259082 0.91740386]\n",
            " [0.41594916 0.06464317 0.62618821 0.36413453 0.35715226 0.34303495]\n",
            " [0.5376221  0.65246501 0.40121536 0.39282948 0.85360302 0.65807331]]\n"
          ]
        }
      ]
    },
    {
      "cell_type": "code",
      "source": [
        "#5. Create two random numpy array of size n x p and p x m and then compute the dot product\n",
        "import numpy as np\n",
        "n=int(input(\"Enter n:\"))\n",
        "p=int(input(\"Enter p:\"))\n",
        "m=int(input(\"Enter m:\"))\n",
        "\n",
        "def dot_product(n,p,m):\n",
        "  array_A = np.random.rand(n,p)\n",
        "  array_B = np.random.rand(p,m)\n",
        "  dot_product = array_A @ array_B\n",
        "  return dot_product\n",
        "\n",
        "dot_product = dot_product(n,p,m)\n",
        "print(dot_product)"
      ],
      "metadata": {
        "colab": {
          "base_uri": "https://localhost:8080/"
        },
        "id": "gicXWtRGwBQU",
        "outputId": "042ab8fd-f4bd-4849-f1b8-049e8f8c43d9"
      },
      "execution_count": 11,
      "outputs": [
        {
          "output_type": "stream",
          "name": "stdout",
          "text": [
            "Enter n:2\n",
            "Enter p:2\n",
            "Enter m:1\n",
            "[[0.60166589]\n",
            " [0.86525257]]\n"
          ]
        }
      ]
    }
  ]
}